Rank-1: 54.91%
Rank-5: 69.36%

             precision    recall  f1-score   support

          0       0.67      0.50      0.57         4
          1       0.83      1.00      0.91         5
          2       0.50      0.12      0.20         8
          3       0.50      0.57      0.53         7
          4       0.40      0.67      0.50         6
          5       1.00      0.57      0.73         7
          6       1.00      0.83      0.91         6
          7       0.20      0.14      0.17         7
          8       0.60      0.43      0.50         7
          9       0.75      0.75      0.75         4
         10       0.56      0.62      0.59         8
         11       0.50      1.00      0.67         2
         12       0.75      1.00      0.86         6
         13       0.75      0.60      0.67         5
         14       1.00      0.25      0.40         8
         15       0.67      0.67      0.67         6
         16       0.71      0.71      0.71         7
         17       0.80      0.80      0.80         5
         18       0.67      0.67      0.67         3
         19       0.00      0.00      0.00         4
         20       0.18      1.00      0.31         2
         21       0.00      0.00      0.00         2
         22       0.46      0.86      0.60         7
         23       0.50      0.40      0.44         5
         24       1.00      1.00      1.00         3
         25       0.50      0.67      0.57         6
         26       0.60      0.75      0.67         4
         27       0.50      0.25      0.33         4
         28       0.43      0.75      0.55         4
         29       0.20      0.14      0.17         7
         30       0.67      0.57      0.62         7
         31       0.75      0.43      0.55         7

avg / total       0.60      0.56      0.55       173

