Rank-1: 89.02%
Rank-5: 93.06%

             precision    recall  f1-score   support

          0       1.00      1.00      1.00         4
          1       0.67      0.40      0.50         5
          2       1.00      0.88      0.93         8
          3       0.83      0.71      0.77         7
          4       1.00      1.00      1.00         6
          5       1.00      0.86      0.92         7
          6       1.00      1.00      1.00         6
          7       1.00      1.00      1.00         7
          8       0.78      1.00      0.88         7
          9       1.00      1.00      1.00         4
         10       0.78      0.88      0.82         8
         11       1.00      1.00      1.00         2
         12       1.00      1.00      1.00         6
         13       1.00      0.80      0.89         5
         14       0.80      0.50      0.62         8
         15       1.00      1.00      1.00         6
         16       1.00      1.00      1.00         7
         17       1.00      1.00      1.00         5
         18       0.75      1.00      0.86         3
         19       1.00      0.75      0.86         4
         20       0.25      1.00      0.40         2
         21       1.00      1.00      1.00         2
         22       0.86      0.86      0.86         7
         23       1.00      0.60      0.75         5
         24       1.00      1.00      1.00         3
         25       1.00      0.83      0.91         6
         26       0.80      1.00      0.89         4
         27       0.80      1.00      0.89         4
         28       0.67      1.00      0.80         4
         29       1.00      1.00      1.00         7
         30       1.00      1.00      1.00         7
         31       1.00      0.86      0.92         7

avg / total       0.92      0.89      0.89       173

