Rank-1: 77.46%
Rank-5: 91.33%

             precision    recall  f1-score   support

          0       0.43      0.75      0.55         4
          1       0.50      0.80      0.62         5
          2       0.75      0.38      0.50         8
          3       1.00      0.71      0.83         7
          4       0.86      1.00      0.92         6
          5       0.88      1.00      0.93         7
          6       0.83      0.83      0.83         6
          7       1.00      0.86      0.92         7
          8       0.78      1.00      0.88         7
          9       0.38      0.75      0.50         4
         10       0.83      0.62      0.71         8
         11       1.00      0.50      0.67         2
         12       1.00      1.00      1.00         6
         13       1.00      0.60      0.75         5
         14       1.00      0.75      0.86         8
         15       0.86      1.00      0.92         6
         16       0.78      1.00      0.88         7
         17       0.56      1.00      0.71         5
         18       1.00      0.67      0.80         3
         19       0.67      0.50      0.57         4
         20       0.40      1.00      0.57         2
         21       0.00      0.00      0.00         2
         22       0.83      0.71      0.77         7
         23       1.00      0.60      0.75         5
         24       1.00      1.00      1.00         3
         25       1.00      0.83      0.91         6
         26       0.50      0.25      0.33         4
         27       0.80      1.00      0.89         4
         28       0.50      0.50      0.50         4
         29       1.00      0.86      0.92         7
         30       1.00      1.00      1.00         7
         31       1.00      0.71      0.83         7

avg / total       0.83      0.78      0.78       173

