Rank-1: 90.17%
Rank-5: 98.27%

             precision    recall  f1-score   support

          0       0.67      1.00      0.80         4
          1       1.00      0.60      0.75         5
          2       1.00      0.62      0.77         8
          3       1.00      0.71      0.83         7
          4       1.00      1.00      1.00         6
          5       1.00      1.00      1.00         7
          6       1.00      1.00      1.00         6
          7       1.00      1.00      1.00         7
          8       0.78      1.00      0.88         7
          9       1.00      1.00      1.00         4
         10       0.88      0.88      0.88         8
         11       1.00      1.00      1.00         2
         12       1.00      1.00      1.00         6
         13       1.00      1.00      1.00         5
         14       1.00      0.88      0.93         8
         15       1.00      1.00      1.00         6
         16       1.00      1.00      1.00         7
         17       0.71      1.00      0.83         5
         18       1.00      1.00      1.00         3
         19       0.75      0.75      0.75         4
         20       0.50      1.00      0.67         2
         21       0.00      0.00      0.00         2
         22       0.78      1.00      0.88         7
         23       1.00      0.60      0.75         5
         24       1.00      1.00      1.00         3
         25       1.00      0.83      0.91         6
         26       0.75      0.75      0.75         4
         27       0.67      1.00      0.80         4
         28       0.67      1.00      0.80         4
         29       1.00      1.00      1.00         7
         30       0.88      1.00      0.93         7
         31       1.00      0.71      0.83         7

avg / total       0.91      0.90      0.89       173

