Rank-1: 58.38%
Rank-5: 69.36%

             precision    recall  f1-score   support

          0       0.60      0.75      0.67         4
          1       0.50      0.40      0.44         5
          2       0.00      0.00      0.00         8
          3       0.43      0.43      0.43         7
          4       0.75      1.00      0.86         6
          5       0.80      0.57      0.67         7
          6       0.86      1.00      0.92         6
          7       1.00      0.86      0.92         7
          8       1.00      1.00      1.00         7
          9       1.00      0.50      0.67         4
         10       0.67      0.50      0.57         8
         11       0.20      0.50      0.29         2
         12       0.75      0.50      0.60         6
         13       0.60      0.60      0.60         5
         14       0.33      0.25      0.29         8
         15       0.57      0.67      0.62         6
         16       0.78      1.00      0.88         7
         17       0.30      0.60      0.40         5
         18       0.67      0.67      0.67         3
         19       0.33      0.25      0.29         4
         20       0.12      0.50      0.20         2
         21       0.00      0.00      0.00         2
         22       0.50      0.43      0.46         7
         23       1.00      0.80      0.89         5
         24       0.40      0.67      0.50         3
         25       0.71      0.83      0.77         6
         26       0.00      0.00      0.00         4
         27       0.43      0.75      0.55         4
         28       0.11      0.25      0.15         4
         29       0.80      0.57      0.67         7
         30       1.00      0.57      0.73         7
         31       1.00      0.71      0.83         7

avg / total       0.62      0.58      0.58       173

