Rank-1: 96.53%
Rank-5: 99.42%

             precision    recall  f1-score   support

          0       1.00      1.00      1.00         4
          1       1.00      1.00      1.00         5
          2       1.00      1.00      1.00         8
          3       1.00      1.00      1.00         7
          4       1.00      1.00      1.00         6
          5       1.00      1.00      1.00         7
          6       0.86      1.00      0.92         6
          7       1.00      1.00      1.00         7
          8       0.88      1.00      0.93         7
          9       1.00      1.00      1.00         4
         10       0.88      0.88      0.88         8
         11       1.00      1.00      1.00         2
         12       1.00      1.00      1.00         6
         13       0.83      1.00      0.91         5
         14       1.00      0.88      0.93         8
         15       1.00      1.00      1.00         6
         16       1.00      1.00      1.00         7
         17       1.00      1.00      1.00         5
         18       0.75      1.00      0.86         3
         19       0.75      0.75      0.75         4
         20       1.00      1.00      1.00         2
         21       1.00      1.00      1.00         2
         22       1.00      1.00      1.00         7
         23       1.00      0.80      0.89         5
         24       1.00      1.00      1.00         3
         25       1.00      0.83      0.91         6
         26       1.00      1.00      1.00         4
         27       1.00      1.00      1.00         4
         28       1.00      1.00      1.00         4
         29       1.00      1.00      1.00         7
         30       1.00      1.00      1.00         7
         31       1.00      0.86      0.92         7

avg / total       0.97      0.97      0.97       173

