Rank-1: 85.55%
Rank-5: 90.75%

             precision    recall  f1-score   support

          0       0.50      0.50      0.50         4
          1       1.00      0.20      0.33         5
          2       1.00      0.62      0.77         8
          3       1.00      0.86      0.92         7
          4       1.00      1.00      1.00         6
          5       0.88      1.00      0.93         7
          6       1.00      1.00      1.00         6
          7       1.00      1.00      1.00         7
          8       1.00      1.00      1.00         7
          9       0.80      1.00      0.89         4
         10       1.00      0.75      0.86         8
         11       1.00      1.00      1.00         2
         12       1.00      0.83      0.91         6
         13       1.00      0.80      0.89         5
         14       1.00      1.00      1.00         8
         15       1.00      1.00      1.00         6
         16       1.00      1.00      1.00         7
         17       0.80      0.80      0.80         5
         18       0.60      1.00      0.75         3
         19       0.33      0.75      0.46         4
         20       1.00      0.50      0.67         2
         21       0.67      1.00      0.80         2
         22       0.78      1.00      0.88         7
         23       1.00      1.00      1.00         5
         24       1.00      0.67      0.80         3
         25       1.00      0.67      0.80         6
         26       0.67      0.50      0.57         4
         27       0.40      1.00      0.57         4
         28       1.00      0.75      0.86         4
         29       1.00      1.00      1.00         7
         30       1.00      1.00      1.00         7
         31       0.71      0.71      0.71         7

avg / total       0.90      0.86      0.86       173

